Total real players in Pbox (2017-18): 605 
Total real teams in Tbox (2017-18): 30 

Real linear regression: Wins ~ Net Rating (30 real NBA teams, 2017-18)
R-squared (linear): 0.9133 

Call:
stats::lm(formula = y ~ x)

Residuals:
    Min      1Q  Median      3Q     Max 
-9.0048 -2.6310 -0.0482  3.1132  6.4604 

Coefficients:
            Estimate Std. Error t value Pr(>|t|)    
(Intercept)  40.9976     0.6688   61.30   <2e-16 ***
x             2.4443     0.1424   17.17   <2e-16 ***
---
Signif. codes:  0 ‘***’ 0.001 ‘**’ 0.01 ‘*’ 0.05 ‘.’ 0.1 ‘ ’ 1

Residual standard error: 3.663 on 28 degrees of freedom
Multiple R-squared:  0.9133,	Adjusted R-squared:  0.9102 
F-statistic: 294.8 on 1 and 28 DF,  p-value: < 2.2e-16


R-squared (local polynomial, degree 2): 0.9527 
                     Team NetRtg  W
11        Houston Rockets   8.47 65
10  Golden State Warriors   8.04 58
28        Toronto Raptors   7.60 59
23     Philadelphia 76ers   5.44 52
29              Utah Jazz   4.62 48
2          Boston Celtics   3.71 55
27      San Antonio Spurs   3.08 47
21  Oklahoma City Thunder   2.96 48
18 Minnesota Timberwolves   2.40 47
19   New Orleans Pelicans   2.11 48
25 Portland Trail Blazers   1.94 49
12         Indiana Pacers   1.60 48
6     Cleveland Cavaliers   1.04 50
8          Denver Nuggets   0.77 46
17        Milwaukee Bucks   0.71 44
30     Washington Wizards   0.70 43
16             Miami Heat   0.51 44
9         Detroit Pistons   0.02 39
13            LA Clippers   0.02 42
4       Charlotte Hornets   0.01 36
14     Los Angeles Lakers  -1.40 35
7        Dallas Mavericks  -3.27 24
3           Brooklyn Nets  -4.17 28
20        New York Knicks  -4.24 29
22          Orlando Magic  -4.92 25
1           Atlanta Hawks  -5.79 24
15      Memphis Grizzlies  -6.58 22
5           Chicago Bulls  -7.81 27
26       Sacramento Kings  -7.83 27
24           Phoenix Suns  -9.71 21

Real fitted line: Wins = 40.998 + 2.4443 * NetRtg

Real rotation players with MIN >= 500: 361 of 605 
Real linear regression: TOV-per-minute ~ AST-per-minute (n = 361 real players)
R-squared: 0.4725 

Call:
stats::lm(formula = y ~ x)

Residuals:
      Min        1Q    Median        3Q       Max 
-0.034928 -0.010772 -0.001904  0.009895  0.070563 

Coefficients:
            Estimate Std. Error t value Pr(>|t|)    
(Intercept) 0.030970   0.001549   19.99   <2e-16 ***
x           0.255397   0.014242   17.93   <2e-16 ***
---
Signif. codes:  0 ‘***’ 0.001 ‘**’ 0.01 ‘*’ 0.05 ‘.’ 0.1 ‘ ’ 1

Residual standard error: 0.0152 on 359 degrees of freedom
Multiple R-squared:  0.4725,	Adjusted R-squared:  0.471 
F-statistic: 321.6 on 1 and 359 DF,  p-value: < 2.2e-16


Real fitted line: TOV/min = 0.03097 + 0.2554 * AST/min
               Player AST_per_min TOV_per_min
240 Russell Westbrook      0.2814      0.1307
357         John Wall      0.2787      0.1121
132        Chris Paul      0.2474      0.0693
127      James Harden      0.2470      0.1235
267       Ben Simmons      0.2419      0.1018
115     Stephen Curry      0.1901      0.0938
293    Damian Lillard      0.1801      0.0772
19       Kyrie Irving      0.1585      0.0725

Real 2017-18 Houston Rockets rotation players (MIN >= 500): 12 
               Player      P2p       P3p      FTp P2A P3A FTA
1212     James Harden 53.09491 36.703601 85.83219 727 722 727
1710        PJ Tucker 43.51145 37.096774 71.66667 131 310  60
225      Trevor Ariza 51.85185 36.796537 85.39326 189 462  89
910       Eric Gordon 54.41989 35.855263 80.91286 362 608 241
710      Clint Capela 65.33333  0.000000 56.03113 675   1 257
610        Chris Paul 53.22196 37.994723 91.85520 419 379 221
197     Ryan Anderson 53.90071 38.643068 77.41935 141 339  93
1410 Luc Mbah a Moute 59.88372 36.416185 68.42105 172 173  95
1010     Gerald Green 50.43478 36.912752 85.00000 115 298  60
1610             Nene 57.38397  0.000000 63.55140 237   2 107
207       Tarik Black 63.79310  9.090909 46.03175 116  11  63
1310      Joe Johnson 46.57534 27.868852 95.23810  73  61  21
$weight
[1] TRUE

$SD
      P2p       P3p       FTp 
 5.814343  2.413526 12.639858 

$range
     P2p      P3p      FTp 
21.82188 38.64307 49.20635 

$VC
       P2p        P3p        FTp 
0.10365772 0.06583411 0.16169479 

$data
          P2p       P3p      FTp
1212 53.09491 36.703601 85.83219
1710 43.51145 37.096774 71.66667
225  51.85185 36.796537 85.39326
910  54.41989 35.855263 80.91286
710  65.33333  0.000000 56.03113
610  53.22196 37.994723 91.85520
197  53.90071 38.643068 77.41935
1410 59.88372 36.416185 68.42105
1010 50.43478 36.912752 85.00000
1610 57.38397  0.000000 63.55140
207  63.79310  9.090909 46.03175
1310 46.57534 27.868852 95.23810

$size
     P2A P3A FTA
1212 727 722 727
1710 131 310  60
225  189 462  89
910  362 608 241
710  675   1 257
610  419 379 221
197  141 339  93
1410 172 173  95
1010 115 298  60
1610 237   2 107
207  116  11  63
1310  73  61  21

attr(,"class")
[1] "variability" "list"       
$weight
[1] TRUE

$SD
     P2p      P3p      FTp 
5.533153 4.463104 9.520588 

$range
      P2p       P3p       FTp 
 36.21157 100.00000  70.00000 

$VC
      P2p       P3p       FTp 
0.1081667 0.1223337 0.1237647 

$data
          P2p        P3p       FTp
20   46.13900  38.512035  84.44444
5    47.96380  29.007634  84.90566
13   43.78109  39.416058  79.60199
11   59.83936  34.042553  71.50538
6    59.52381  35.460993  77.90698
16   44.95798  37.246964  92.66055
7    53.24675  35.882353  80.00000
8    46.12903  25.000000  70.21277
17   55.86207  37.125749  91.93548
15   39.13043  37.096774  80.43478
22   39.34426  36.180905  71.42857
18   58.33333   0.000000  45.00000
14   54.38596  44.144144  77.27273
21   55.55556  35.955056  80.95238
111  49.24115  43.388430  82.55814
23   51.42315  42.920354  78.33333
101  50.70423  39.542484  64.37768
191  40.95477  38.059701  77.18121
141  54.11765  40.786241  88.88889
161  42.85714  30.120482  72.93233
31   48.70588  14.285714  75.64103
151  46.68435  36.752137  80.51948
171  39.68254  32.000000  60.97561
41   61.71429  31.034483  75.30864
181  39.84962  36.046512  86.48649
110  32.14286  35.384615  58.97436
192  45.18519  32.563510  81.34328
112  46.10169  37.781955  85.18519
52   45.68528  37.084399  76.42276
122  58.93536  41.899441  82.69231
172  49.10448  24.074074  78.79747
24   47.95918  34.693878  71.12299
102  59.94764  33.333333  77.55102
152  38.35616  34.931507  81.66667
32   47.71574  32.374101  74.04580
221  56.65025  38.461538  66.66667
83   46.85039  38.435940  86.42857
33   55.86283  14.285714  57.38832
123  51.16279  41.311475  82.92683
153  47.34043  33.576642  83.07692
53   49.48097  37.007874  86.05769
143  50.53763   0.000000  68.42105
43   45.92760  37.956204  79.89691
163  45.16129  41.237113  69.49153
93   38.46154  34.156379  84.21053
133  36.47059  23.728814  82.02247
25   40.93960  25.581395  80.00000
114  54.24837  66.666667  71.76471
94   38.73874  35.857461  82.31707
64   45.01425  38.648649  74.50980
124  49.67462  36.159601  84.33735
183  53.56577  28.571429  75.55556
84   46.83544  32.620321  74.46809
54   49.59569  34.615385  65.51724
26   51.36054  35.874439  76.92308
116  45.67669  32.089552  73.68421
44   59.62441   0.000000  66.66667
164  35.48387  33.636364  76.00000
212  40.51724  34.146341  81.30841
134  52.48227  42.857143  82.27848
34   41.93548  38.461538  75.00000
194  60.30664  36.699507  73.06968
95   45.32710  37.532808  69.64286
118  54.01786  31.176471  86.75214
165  49.37343  41.515152  87.96992
175  53.70370  43.617021  88.88889
105  50.80214  32.804233  84.78261
222  56.17021   0.000000  54.43038
55   47.94521  32.857143  70.14925
145  54.54545  46.391753  80.00000
27   58.58586  36.781609  56.52174
65   50.90909  35.064935  80.48780
135  48.60335  40.740741  81.03448
35   68.35443  33.333333  93.33333
213  49.21875  35.211268  81.25000
106  47.77143  35.735736  82.74760
231  47.70889  37.325905  79.61165
223  44.06780  38.059701  82.17822
36   43.50365  31.268437  69.43005
56   49.40618  40.949555  89.81481
86   65.60694  33.333333  71.89189
1110 49.86737  36.741214  78.43137
185  61.32597  31.250000  74.57627
46   46.54088  35.200000  83.03571
205  65.67164   0.000000  57.57576
76   46.53465  49.367089  85.71429
177  50.99010  36.966825  80.53097
57   50.15974  37.844037  90.51383
1111 53.83562  39.642857  84.98403
186  50.12987  35.772358  77.19298
47   55.25292  39.593909  82.71605
97   60.21798   0.000000  45.81006
157  56.32530  38.073394  70.62937
127  50.62112  34.513274  69.56522
37   41.36364  37.254902  80.76923
147  56.96203  29.310345  62.85714
87   46.87500  34.146341  66.66667
29   50.00000  34.313725  84.48276
129  53.56322   0.000000  60.50633
98   50.57143  34.653465  69.82759
206  43.86503  28.632479  77.24138
210  56.07477  43.561644  79.69925
178  53.58491  44.483986  79.59184
215  47.80600  40.942029  84.55882
168  46.29630  41.538462  85.52632
38   42.28723  38.144330  76.25000
196  47.54902  30.769231  83.58209
148  41.80328  34.403670  80.48780
48   47.34982  34.814815  78.37838
78   54.09836   0.000000  37.93103
1112 56.98925  30.434783  76.74419
109  52.58359  44.038462  83.67347
89   56.48949  41.888620  88.86139
59   56.19835  30.078125  77.45665
169  59.50413  42.315369  92.05298
130  56.65025  28.205128  63.21839
1113 48.14815  37.730061  86.15385
159  50.88757   0.000000  81.96721
49   57.56757  37.500000  75.94937
179  56.65399   0.000000  80.64516
139  50.34483  23.750000  76.47059
99   59.04255  20.000000  54.54545
79   64.08840   0.000000  68.18182
1211 59.45946  45.454545  72.46377
149  51.35135  44.230769  88.00000
69   63.84977   0.000000  73.07692
1212 53.09491  36.703601  85.83219
1710 43.51145  37.096774  71.66667
225  51.85185  36.796537  85.39326
910  54.41989  35.855263  80.91286
710  65.33333   0.000000  56.03113
610  53.22196  37.994723  91.85520
197  53.90071  38.643068  77.41935
1410 59.88372  36.416185  68.42105
1010 50.43478  36.912752  85.00000
1610 57.38397   0.000000  63.55140
207  63.79310   9.090909  46.03175
1310 46.57534  27.868852  95.23810
1611 53.14788  32.044199  59.78261
198  52.75330  37.096774  79.89130
411  53.43348  40.155440  86.82927
511  45.65217  35.263158  74.46809
711  50.80831  46.829268  88.19444
1311 49.47589  28.879310  66.14173
1411 51.86722  35.668790  77.66990
811  52.40385  35.135135  75.00000
1213 45.83333  37.878788  75.86207
1116 48.35165  35.907336  87.98371
812  64.53287   0.000000  58.01282
160  46.06742  37.777778  64.15094
208  47.12042  33.898305  74.13793
1312 64.14048  14.285714  62.61261
1712 44.76744  37.704918  67.04545
312  48.84910  34.224599  78.53881
1214 49.21875  37.931034  84.78261
1810 50.14577  41.420118  80.00000
1512 59.29648  16.666667  66.07143
199  48.30918  25.000000  78.20513
1012 37.18593  27.777778  77.55102
612  54.62185  28.205128  81.25000
712  45.51724  32.432432  93.10345
1513 47.25849  38.313253  78.86598
1613 51.07438  36.635945  70.67308
1413 57.50873  22.222222  71.76471
413  48.32317  39.047619  68.08511
1811 42.00743  30.508475  45.07042
513  54.91453  34.461538  70.25316
1313 55.05618  39.593909  70.21277
1215 50.54705  32.380952  79.54545
1713 60.64257  25.000000  63.21839
713  54.26357  18.604651  66.66667
233  47.61905  25.000000  75.86207
170  50.68493  30.232558  70.00000
1514 45.58205  34.062500  83.38279
814  48.42520  35.606061  74.69880
1216 46.98492  34.693878  76.72414
2112 48.18356  39.860140  78.46890
1014 49.86150  33.858268  72.07207
1614 45.63492  27.748691  85.50725
180  46.68990  33.098592  77.98742
228  47.66355  34.591195  82.81250
1118 56.52174  35.714286  87.67123
714  60.75472   0.000000  66.66667
234  45.57823  40.163934  74.57627
614  50.44248  42.148760  62.96296
1314 46.00000  28.205128 100.00000
914  56.57895   0.000000  80.55556
1015 49.54463  37.797619  84.50704
615  48.12903  37.000000  80.07380
1715 49.09561  36.728395  82.17054
1912 47.93388  39.205527  85.89744
815  58.74126  30.810811  69.75309
1217 58.98876  37.857143  77.01149
1119 44.01114  37.984496  63.46154
190  52.25225   0.000000  72.06704
715  53.81944 100.000000  70.32967
415  46.25000  30.588235  73.91304
1218 51.67630  35.872236  88.39779
616  55.38827  30.714286  75.97504
416  54.98339  34.870317  79.53795
2210 49.04459  40.298507  79.16667
1120 57.77778  14.285714  56.96203
1316 53.21637  38.509317  88.23529
2113 46.69811  29.807692  69.89247
916  48.71795  34.782609  88.88889
2011 43.85965  35.164835  87.50000
816  51.39442  38.271605  74.07407
1516 35.13514  37.179487  92.59259
237  47.50520  33.136095  64.33121
1121 58.51184  42.105263  85.82090
1517 59.54416  20.000000  76.75676
817  47.70318  36.842105  84.51883
917  50.90153  35.000000  85.41176
717  47.66355  33.121019  90.26549
1617 52.76382  34.883721  87.65432
1317 50.53191  41.530055  80.00000
617  51.07034  31.147541  77.45098
1518 55.74324  33.707865  78.57143
1102 55.76923  33.950617  82.77592
818  55.55556  42.524917  70.58824
518  53.48837  41.061453  86.56716
718  52.98246  35.374150  74.61929
2012 52.61628  33.333333  54.34783
1018 53.33333  31.794872  76.27119
418  54.70085  32.407407  55.55556
1220 46.31579  36.363636  76.47059
1815 52.43243  33.502538  81.03448
318  57.95455   0.000000  75.75758
1103 48.21803  40.647482  91.93548
1816 51.56951  31.707317  81.56425
519  59.35302   0.000000  84.78261
619  38.48397  31.847134  72.05882
1419 52.01110  39.534884  77.98742
1019 45.38578  39.473684  79.27273
819  45.93838  29.069767  84.00000
1123 59.94550  23.529412  77.16535
1221 36.36364  40.322581  83.01887
319  51.30890  38.686131  75.47170
1915 55.55556  36.190476  64.91228
1520 48.49375  29.754601  73.67491
1320 45.41724  40.065681  82.23844
320  43.65994  35.654008  76.68394
1620 63.09859   0.000000  55.94406
720  61.27168  29.090909  67.50000
1420 44.40994  35.217391  81.81818
1222 42.10526  38.596491  86.95652
1104 44.28571  38.009050  84.78261
245  62.69841  22.222222  31.57895
820  40.29851  28.695652  30.00000
1719 61.22449  33.333333  90.00000
420  53.24675  34.328358  79.48718
1021 51.16697  33.823529  76.76349
1105 49.71319  33.625731  69.77778
721  51.60600  37.910448  86.70520
521  48.50746  41.911765  86.77249
1421 52.67296  31.372549  81.91489
1223 52.28571  33.707865  81.90476
421  52.13675   0.000000  64.96815
1720 47.27273  34.532374  71.13402
621  54.47570  37.313433  63.15789
1916 48.83721  19.565217  72.34043
321  41.30435  38.571429  84.61538
1321 44.82759  36.909871  72.72727
1817 46.93878  32.258065  75.00000
1125 53.96825   0.000000  68.85246
921  39.39394  34.782609  76.00000
247  55.11651   0.000000  56.01173
2014 49.65035  36.909091  85.29412
322  50.10183  39.348371  85.99034
722  50.35800  41.956522  90.36697
1322 52.73159  30.841121  76.87366
2116 50.97493  43.548387  79.48718
1106 57.01754  31.250000  61.17647
1224 47.41379  36.986301  79.54545
2212 43.11927  33.544304  79.31034
1917 62.38095  12.903226  66.07143
1622 61.83206  38.513514  87.03704
522  48.83721  36.144578  73.33333
1422 53.53535  33.009709  73.68421
1918 52.31244  22.222222  75.68627
823  42.59259  36.645963  76.47059
1523 46.43357  26.267281  63.44086
723  45.97015  38.281250  87.84195
2117 42.46914  28.767123  83.16832
2015 41.88034  39.956332  87.50000
1623 50.87108  29.473684  60.75949
323  56.80000  33.333333  68.39827
2213 64.70588   0.000000  62.36559
1323 45.23810  36.250000  77.14286
1722 44.18605  26.804124  76.19048
923  46.73913  20.000000  68.51852
249  46.45287  39.705882  83.60000
424  50.12723  36.089030  91.63569
924  50.84746   0.000000  63.00366
1108 43.20988  36.873156  73.75000
624  48.53933  31.818182  85.04673
1424 45.04792  37.614679  84.05797
1324 50.55556  35.238095  84.09091
524  58.41924   0.000000  66.66667
1024 54.74860  41.525424  71.18644
1624 45.45455  30.973451  64.28571
1109 48.53273  39.209726  84.03361
1723 50.59133  25.000000  61.94332
425  43.63354  30.718954  72.30769
325  45.71429  43.137255  87.65432
625  44.17671  39.207048  76.92308
1820 50.32468  34.693878  78.50467
1129 54.70085  30.810811  72.22222
1227 57.06941   0.000000  44.59459
1525 45.94595  35.294118  80.50847
725  47.97980  45.312500  77.77778
1625 48.30508  34.545455  75.67568
525  38.43537  36.046512  81.73913
1130 52.58964  29.347826  83.70927
1426 47.01493  37.198068  88.98305
1026 55.64304  33.333333  71.23288
1526 48.12623  35.833333  75.59809
326  41.90871  36.250000  76.92308
626  45.39130  26.470588  70.94595
251  44.60967  39.035088  66.66667
1228 50.55351  33.333333  83.96947
1626 51.55131  31.355932  77.24138
526  58.77193  37.301587  81.63265
1724 47.86325  27.027027  70.51282
1131 54.79452  27.777778  51.16279
826  52.97297   0.000000  63.82979
427  49.37833  31.010453  82.46869
927  47.41379  39.932886  85.44061
1821 55.85216  36.026936  79.66102
827  58.72757  40.540541  80.56872
1725 61.20219  21.969697  62.06897
727  65.96859  50.000000  59.40594
627  43.66197  41.379310  83.16832
 [ reached 'max' / getOption("max.print") -- omitted 28 rows ]

$size
      P2A P3A FTA
20    518 457 180
5     884 262 265
13    402 274 201
11    498  47 186
6     336 141  86
16    238 247 109
7     231 170  90
8     310  80 141
17    145 167  62
15    161 124  92
22    183 199  63
18    180   0  60
14     57 111  22
21     63  89  21
111   593 242 258
23    527 226 120
101   497 306 233
191   398 402 149
141   680 407 261
161   266 249 133
31    425  21  78
151   377 234 154
171    63 125  41
41    175  58  81
181   133  86  37
110    84  65  39
192   405 433 268
112   295 532 135
52    394 391 246
122   263 358 104
172   670  54 316
24    490 245 187
102   382  15 147
152    73 292  60
32    394 278 131
221   203  26  60
83    762 601 420
33    904   7 582
123   258 305 123
153   376 274 130
53    578 254 208
143   558   2 171
43    442 274 194
163   124  97  59
93    182 243  38
133   170  59  89
25    149  43  25
114   153   3  85
94    333 449 164
64    351 370  51
124   461 401 166
183   631  14  90
84    316 187 188
54    371  52 203
26    588 223 156
116   532 134 114
44    213   2  81
164   124 110  25
212   232 123 107
134   141 161  79
34    124  91  16
194  1174 406 531
95    214 381  56
118   448 170 234
165   399 330 266
175   108 376  72
105   187 189  92
222   235   0  79
55    365  70 134
145    88  97  30
27     99  87  46
65    110  77  41
135   179 108  58
35     79  90  15
213   128  71  32
106   875 333 313
231   371 359 103
223   295 402 101
36    685 339 193
56    421 337 108
86    346  84 185
1110  377 313 102
185   181 128  59
46    159 125 112
205   134   3  66
76    101  79  28
177   606 422 226
57    626 436 253
1111  730 280 313
186   385 246 114
47    514 394 162
97    367   1 179
157   332 218 143
127   322 113 161
37    220 102  78
147    79  58  35
87     96  82  33
29     68 102  58
129   870  11 395
98    700 101 116
206   326 234 145
210   107 365 133
178   265 281  49
215   433 276 136
168   270 195  76
38    376 194  80
196   408 169 134
148   122 218  41
48    283 135 111
78    122   0  29
1112   93  69  43
109   658 520  98
89    809 413 404
59    363 256 173
169   363 501 302
130   203 117  87
1113  162 326  65
159   338   5  61
49    370   8  79
179   263   1  93
139   145  80  34
99    188   5  77
79    181   4  44
1211  185  22  69
149   148 104  25
69    213   6  52
1212  727 722 727
1710  131 310  60
225   189 462  89
910   362 608 241
710   675   1 257
610   419 379 221
197   141 339  93
1410  172 173  95
1010  115 298  60
1610  237   2 107
207   116  11  63
1310   73  61  21
1611  683 181  92
198   908 434 368
411   466 386 205
511   414 190  94
711   433 205 144
1311  477 232 127
1411  482 157 206
811   624  37 224
1213  120  66  29
1116  819 518 491
812   578   0 312
160   445 360 159
208   191 177  58
1312  541   7 222
1712  172  61  88
312   391 187 219
1214  128 232  46
1810  343 169  80
1512  199  60  56
199   207  40  78
1012  199  54  49
612   119  78  16
712   145 111  87
1513  383 415 194
1613  605 434 208
1413  859  45 425
413   656 105 282
1811  269 295  71
513   468 325 158
1313  178 197  94
1215  457 210 132
1713  249   4  87
713   129  43  51
233   168  56  29
170    73  43  30
1514  713 320 337
814   508 264 166
1216  398  98 116
2112  523 286 209
1014  361 127 111
1614  252 191 138
180   287 142 159
228   214 159  64
1118  138  84  73
714   265   0  57
234   147 122  59
614   113 121  27
1314  150  39  25
914   152   0  36
1015  549 336 142
615   775 300 271
1715  387 324 129
1912  121 579  78
815   429 185 162
1217  356 280 174
1119  359 129 104
190   333   7 179
715   576   2 182
415   240 170  69
1218  865 407 362
616  1262 140 641
416   602 347 303
2210  157 268  48
1120  495   7 158
1316  342 161  85
2113  212 104  93
916    39 115   9
2011  114  91  24
816   251  81  54
1516   74  78  27
237   962 338 314
1121  887 285 402
1517  702  35 185
817   566 228 239
917   721 200 425
717   428 314 113
1617  199 129  81
1317  188 183  45
617   327  61 102
1518  888 356 238
1102 1300 162 598
818   531 301  68
518   129 358  67
718   570 294 394
2012  344 150  46
1018  300 195  59
418   117 108  36
1220   95 110  17
1815  185 197  58
318   176   0  66
1103  477 278 124
1816  446 410 179
519   711   2 184
619   343 157  68
1419  721  86 159
1019  661 228 275
819   357  86  75
1123  367  17 127
1221  143 124  53
319   191 137  53
1915  279 105  57
1520 1361 326 566
1320  731 609 411
320   694 474 193
1620  710   2 286
720   346 110 240
1420  322 230  44
1222   95 171  46
1104   70 221  46
245   126  36  38
820    67 115  20
1719   49 120  10
420    77  67  39
1021  557 204 241
1105  523 342 225
721   467 335 173
521   268 272 189
1421  636 204  94
1223  350 267 105
421   351   1 157
1720  275 139  97
621   391  67 114
1916  172  46  47
321    92  70  26
1321  116 233  55
1817   98  93  36
1125  126   0  61
921    99  46  25
247   987  11 341
2014  286 550 136
322   491 399 207
722   419 460 218
1322  842 214 467
2116  359  62  39
1106  228  32  85
1224  116 146  44
2212  109 158  58
1917  210  31  56
1622  131 148  54
522   129  83  45
1422   99 103  38
1918  973  90 255
823   162 322  51
1523  715 217 279
723   670 384 329
2117  405 146 101
2015  117 458  64
1623  287 190 158
323   375   3 231
2213  187   0  93
1323   42  80  35
1722  215  97  84
923   184  25  54
249  1029 476 250
424   786 629 538
924   944   7 273
1108  243 339  80
624   445 132 107
1424  313 218 138
1324  180 210  44
524   291   1 111
1024  179 118  59
1624  176 113  42
1109  443 329 119
1723  761  12 247
425   644 153 195
325   525 408  81
625   249 227  78
1820  616 147 107
1129  234 185  36
1227  389   0  74
1525  407  51 118
725   198 128  99
1625  118 165  37
525   294  86 115
1130 1255  92 399
1426  268 414 118
1026  381  57 146
1526  507 120 209
326   241 320  65
626   575  34 148
251   269 228  72
1228  271 192 131
1626  419 118 145
526   114 252  49
1724  351  37  78
1131   73  54  43
826   185   5  47
427  1126 287 559
927   348 596 261
1821  487 297 118
827   613  74 211
1725  366 132  87
727   382   2 101
627   284 261 101
 [ reached 'max' / getOption("max.print") -- omitted 28 rows ]

attr(,"class")
[1] "variability" "list"       

Real per-minute rate correlation analysis, n = 361 real rotation players
NULL
            PTS         P3M          P2M        REB         AST         TOV          STL         BLK
PTS  1.00000000  0.35714729  0.675226216  0.1152072  0.27815745  0.52419694 -0.010137850  0.01677160
P3M  0.35714729  1.00000000 -0.422004625 -0.5177453  0.07690833 -0.06400823 -0.045410272 -0.46894832
P2M  0.67522622 -0.42200463  1.000000000  0.5063686  0.18337346  0.51547371 -0.001644765  0.37052416
REB  0.11520718 -0.51774533  0.506368557  1.0000000 -0.23645477  0.15631131 -0.158109239  0.63973900
AST  0.27815745  0.07690833  0.183373463 -0.2364548  1.00000000  0.68738828  0.342641011 -0.25076003
TOV  0.52419694 -0.06400823  0.515473707  0.1563113  0.68738828  1.00000000  0.228126040  0.07485739
STL -0.01013785 -0.04541027 -0.001644765 -0.1581092  0.34264101  0.22812604  1.000000000 -0.02975639
BLK  0.01677160 -0.46894832  0.370524163  0.6397390 -0.25076003  0.07485739 -0.029756385  1.00000000
$corrplot

$netplot

null device 
          1 

DONE MODULE 8 (UNDERGRADUATE) COMPUTATION
